CELL 74
SIZE 81
ALIGN 0 0 81
M 14 40 start
M 66 17 village
M 13 70 village
M 69 60 village
M 35 16 village
M 15 62 village
M 27 64 village
M 54 61 village
M 35 55 village
M 14 49 village
M 8 34 village
M 11 16 village
M 22 15 village
M 24 56 camp
M 62 23 camp
M 17 56 camp
M 17 65 camp
M 25 63 camp
M 22 23 camp
M 21 61 camp
M 12 31 camp
M 33 16 camp
M 36 20 camp
M 20 31 camp
M 25 41 camp
M 64 29 camp
M 13 63 camp
M 29 65 camp
M 27 46 camp
M 18 26 camp
M 51 25 camp
M 25 18 camp
M 23 46 camp
M 22 52 camp
M 58 64 camp
M 55 25 camp
M 53 35 dungeon
M 44 33 dungeon
M 57 37 dungeon
M 29 26 dungeon
M 52 48 dungeon
M 35 33 dungeon
M 31 30 dungeon
M 33 41 dungeon
M 26 31 dungeon
M 49 34 dungeon
M 39 36 dungeon
M 41 27 dungeon
M 47 38 dungeon
M 34 37 dungeon
M 57 32 dungeon
M 43 37 dungeon
M 39 32 dungeon
M 52 39 dungeon
M 53 31 dungeon
M 35 29 dungeon
M 37 33 named
M 47 33 named
M 28 28 named
M 56 34 named
M 35 40 named
M 54 47 named
M 50 39 named
M 44 39 named
M 39 27 named
M 28 34 named
M 26 27 secret
M 42 35 secret
M 51 34 secret
M 36 35 secret
M 28 30 landmark
M 32 39 landmark
M 54 38 landmark
M 50 32 landmark
M 35 31 landmark
M 53 50 landmark
M 45 37 landmark
M 40 34 landmark
M 34 35 landmark
M 54 33 landmark
M 50 37 landmark
M 40 30 landmark
M 32 27 landmark
M 58 34 landmark
M 13 38 landmark
M 71 31 landmark
M 7 20 landmark
M 27 25 landmark
M 21 59 gather
M 22 25 gather
M 23 39 gather
M 57 21 gather
M 37 18 gather
M 63 32 gather
M 62 50 gather
M 58 26 gather
M 34 24 gather
M 23 54 gather
M 15 23 gather
R main 해안길 14,40 15,39 15,38 14,37
R main 산길 14,37 13,36
R main 들길 13,36 12,36 11,35 10,35 9,34 8,34
R main 숲길 13,70 13,69 14,68
R main 들길 14,68 15,67 15,66 15,65 15,64 15,63 15,62
R main 해안길 14,40 14,41 15,42 16,43 17,44
R main 숲길 17,44 17,45 17,46
R main 산길 17,46 16,47
R main 들길 16,47 15,48 14,49
R main 들길 27,64 28,63 29,62 29,61 29,60 29,59 30,58 31,57 32,56 33,55 34,55 35,55
R main 숲길 11,16 12,16 13,16 14,16 15,16 16,16 17,16
R main 들길 17,16 18,16 19,16 20,15 21,15 22,15
R main 들길 15,62 16,63 17,64 18,64 19,64 20,64 21,64 22,64 23,64 24,64 25,64 26,64 27,64
R main 들길 35,16 34,16 33,16 32,16 31,16 30,16 29,16 28,16 27,16 26,16 25,16 24,16 23,16 22,15
R main 들길 15,62 15,61 15,60 15,59 15,58 15,57 15,56 15,55 15,54 15,53 15,52 15,51 15,50 14,49
R main 숲길 69,60 68,60 67,61 66,61 65,61 64,61 63,61
R main 들길 63,61 62,61 61,61 60,61 59,61 58,61 57,61 56,61
R main 숲길 56,61 55,61 54,61
R main 숲길 8,34 8,33
R main 들길 8,33 9,32 9,31 10,30 10,29 10,28 10,27 10,26 10,25 10,24 10,23 10,22 10,21 10,20 10,19 11,18 11,17
R main 숲길 11,17 11,16
R main 숲길 54,61 53,60 52,59 51,58 50,57 49,56 48,55
R main 들길 48,55 47,55 46,54 45,54 44,53 43,53 42,53 41,53 40,53 39,53
R main 산길 39,53 38,53
R main 들길 38,53 37,53 36,54 35,55
R main 숲길 66,17 65,17
R main 들길 65,17 64,17 63,17 62,17 61,17 60,17 59,17 58,17 57,18 56,18 55,18 54,18 53,18 52,18 51,18 50,18 49,18 48,18 47,18 46,18 45,18 44,18 43,18 42,18 41,18 40,18 39,18 38,17 37,17 36,17 35,16
R side 들길 24,56 25,57 26,58 27,59 28,59 29,59
R side 들길 62,23 61,22 60,21 59,20 58,19 57,18
R side 들길 17,56 16,55 15,55
R side 들길 17,65 17,64
R side 들길 25,63 26,64
R side 들길 22,23 21,22 20,21 19,20 18,19 17,18 16,17 15,16
R side 들길 21,61 20,62 20,63 19,64
R side 들길 12,31 11,30 10,29
R side 들길 36,20 36,19 36,18 37,17
R side 들길 20,31 19,32 18,33 17,34 16,35 15,36 14,37
R side 들길 25,41 24,42 23,42 22,42 21,42 20,42 19,43 18,43 17,44
R side 들길 64,29 63,29 62,29 61,29 60,28
R side 산길 60,28 59,27
R side 들길 59,27 59,26 60,25 61,24 62,23
R side 들길 13,63 14,63 15,62
R side 들길 29,65 29,64 28,63
R side 들길 27,46 26,45 25,44 24,43 24,42
R side 들길 18,26 19,25 20,24 21,24 22,23
R side 들길 51,25 50,24 49,23 48,22 48,21 47,20 47,19 47,18
R side 들길 25,18 26,17 26,16
R side 들길 23,46 24,45 25,44
R side 들길 22,52 22,53 22,54 23,55 24,56
R side 숲길 58,64 59,63 60,62 61,61
R side 들길 55,25 54,25 53,25 52,25 51,25
R side 설원길 53,35 54,34 55,33 56,32 57,31
R side 산길 57,31 58,30 59,29
R side 들길 59,29 60,28
R side 설원길 44,33 44,32
R side 산길 44,32 44,31 45,30 46,29 47,28 48,27 49,26
R side 들길 49,26 50,25 51,25
R side 설원길 57,37 57,36 56,35 55,34 54,34
R side 설원길 29,26 30,25
R side 산길 30,25 31,24 32,23
R side 들길 32,23 33,22 34,21 35,20 36,20
R side 설원길 52,48 51,49 50,50
R side 산길 50,50 49,51 48,52
R side 들길 48,52 47,53 46,54
R side 설원길 35,33 34,33 33,32 32,31 31,30 30,29
R side 산길 30,29 30,28
R side 설원길 30,28 30,27 29,26
R side 설원길 33,41 32,42
R side 산길 32,42 31,43
R side 들길 31,43 30,44
R side 산길 30,44 29,45
R side 들길 29,45 28,46 27,46
R side 설원길 26,31 27,31 28,30 29,29 30,28 30,27
R side 설원길 49,34 48,33 47,32 46,31
R side 산길 46,31 45,30
R side 설원길 39,36 38,35 37,34 36,33 35,33
R side 설원길 41,27 42,28
R side 산길 42,28 43,29 44,30 45,30
R side 설원길 47,38 48,38 49,38 50,37 50,36 50,35 49,34
R side 산길 34,37 35,36
R side 설원길 35,36 36,35 37,34
R side 산길 57,32 57,31
R side 설원길 43,37 42,36 42,35 42,34 43,33 44,33
R side 설원길 39,32 38,33 37,34
R side 산길 52,39 51,38
R side 설원길 51,38 50,37
R side 산길 53,31 54,32
R side 설원길 54,32 55,33
R side 산길 35,29 34,29 33,30 32,31
R trail 설원길 37,33 36,33
R trail 설원길 47,33 47,32
R trail 설원길 28,28 29,29
R trail 설원길 56,34 55,33
R trail 설원길 35,40 34,40 33,41
R trail 산길 54,47 53,48
R trail 설원길 53,48 52,48
R trail 산길 50,39 51,38
R trail 산길 44,39 43,38 43,37
R trail 산길 39,27 40,27 41,27
R trail 산길 28,34 28,33 28,32 27,31
R trail 설원길 26,27 27,27 28,28
R trail 설원길 51,34 50,35
R side 산길 32,39 32,40 33,41
R side 설원길 54,38 53,39
R side 산길 53,39 52,39
R side 산길 50,32 50,33
R side 설원길 50,33 51,34
R side 설원길 35,31 35,32 36,33
R side 설원길 53,50 52,50
R side 산길 52,50 51,49
R side 설원길 45,37 46,38 47,38
R side 산길 40,34 41,34 42,34
R side 설원길 34,35 35,36
R side 설원길 54,33 55,33
R side 산길 40,30 40,31 39,32
R side 산길 32,27 31,27 30,27
R side 산길 58,34 58,35 57,36
R side 해안길 13,38 14,37
R side 숲길 71,31 70,30
R side 들길 70,30 69,29 68,29 67,29 66,29 65,29 64,29
R side 숲길 7,20 8,21
R side 들길 8,21 9,21 10,22
R side 산길 27,25 28,26
R side 설원길 28,26 29,26
R side 들길 21,59 21,60 21,61
R side 들길 22,25 21,24
R side 들길 23,39 24,40 25,41
R side 들길 57,21 58,20 58,19
R side 들길 37,18 37,17
R side 들길 63,32 63,31 63,30 63,29
R side 들길 62,50 61,50 60,50 59,50 58,49 57,48
R side 산길 57,48 56,48 55,48 54,47
R side 들길 58,26 59,27
R side 들길 34,24 34,23 33,22
R side 들길 23,54 22,54
R side 들길 15,23 16,24 17,25 18,26
R bronto 들길 18,26 19,25 20,24 21,23 22,22 23,21
R bronto 들길 23,21 24,21 25,20 26,19 27,19 28,18 29,17 30,17 31,17 32,16 33,16 34,16
R bronto 들길 34,16 35,16 36,17 37,17 38,17 39,18 40,18 41,19 42,20 43,21 44,21 45,21 46,22 47,22
R bronto 들길 47,22 48,22 49,22 50,22 51,22 52,22 53,22 54,22 55,22 56,22 57,22 58,22 59,22 60,22 61,22 62,22
R bronto 들길 62,22 63,22 64,22 65,22 66,23 67,24 67,25 67,26 66,27 65,28
R bronto 들길 65,28 64,29 64,30 64,31 64,32 64,33 64,34 64,35 64,36 64,37 64,38 64,39 64,40 64,41 64,42 63,43 63,44 62,45 62,46
R bronto 들길 62,46 62,47 62,48 62,49 62,50 62,51
R bronto 들길 62,51 62,52 61,53 61,54 60,55 59,56 58,57 57,58 56,59 55,60 54,61
R bronto 들길 54,61 53,60 52,59 51,58 50,57 49,56 48,55 47,55 46,54 45,54 44,53 43,52 42,51 41,50 40,50 39,49 38,48 37,48
R bronto 들길 37,48 36,48 35,48 34,48 33,48 32,48 31,48 30,48 29,48 28,48 27,47 26,47
R bronto 들길 26,47 25,46 24,45 23,44
R bronto 들길 23,44 23,43 23,42 23,41 23,40 22,39 21,38 21,37 20,36 20,35 20,34 20,33 20,32 19,31 18,30 17,29 17,28 17,27 18,26